440231758265
440231759386
440231759412
440231759846
440231759868
440231760232
440231761971
440231762577
440231762603
440231763460
440231763779
440231763919
440231764032
440231764065
440231764146
440231764374
440231764867
440231764926
440231765120
440231766322
440231766470
440231766826
440231767086
440231770612
440231770932
440231771891
440231772730
440231773059
440231773060
440231773324
440231773379
440231773699
440231773839
440231774044
440231774353
440231774490
440231775419
440231775691
440231775809
440231776003
440231776253
457620941985
457620942000
457620944458
457620945351
457620946120
457620946196
457620947593
457620948214
457620948784
457620949151
457620949563
457620950707
457620951530
457620952412
457620952824
457620953062
457620954128
457620954140
457620954390
457620956278
457620956304
457620956495
457620969451
457620969484
457620969624
457620969988
457620971337
457620972285
457620972458
457620972984
457620973443
457620974483
457620974689
457620974884
457620975207
457620976258
457620976660
457620977140
457620977791
457620978813
457620979945
457620980309
457620981051
457620981235
457620983411
457620983433
457620983477
457620983503
457620984315
482244334344
482244334425
482244334458
482244334550
482244334583
482244334610
482244334642
482244334675
482244334701
482244334734
482244334745
482244334756
482244334767
482244334789
482244334815
482244334859
482244335020
482244335053
482244335134
482244335167
482244335204
482244335226
482244335281
482244335318
482244335340
482244335362
482244335400
482244335502
482244335535
482244335579
482244335590
482244335616
482244335741
482244335785
482244335855
482244335888
482244336060
482244336093
482244336185
482244336266
482244336347
482244336564
482244337067
482244337435
482244338512
482244338589
482244339081
482244339092
482244339449
482244340902
482244341265
482244341725
482244342353
482244342890
482244343316
482244343522
482244345032
482244347712
482244347918
482244348476
482244348580
482244349417
482244350730
482244353328
482244354081
482244354438
482244354493
482244354725
482244355261
482244356280
482244356566
482244356647
482244356864
482244358260
482244358856
482244359381
482244360558
482244360915
482244361874
482244361911
482244363009
482244363237
482244363855
482244364174
482244365468
482244365480
482244365550
482244365696
482244366372
482244366637
482244367975
482244368294
482244368700
482244369474
482244369842
482244370412
482244370423
482244371452
482244372210
482244372415
482244372460
482244372920
482244373374
482244373628
482244374245
885790770840
885790771066
885790771559
885790772533
885791247914
885791250450
885791251300
885791254022
885791256930
885791258359
885791259469
885791260094
885791263645
885791264230
885791268316
885791269194
885791271595
885791272260
885791274962
885791278144
885791279703
885791280980
885791283408
885791285823
885791287388
885791288535
885791291141
885791292560
885791294195
885791294346
885791295180
885791299510
885791301948
885791302142
885791303208
885791306402
885791308817
885791310747
885791312360
885791314363
885791317351
885791319674
885791322340
885791324066
885791325224
885791326882
885791329610
885791330392
885791332638
885791334354
885791337868
885791339367
885791341849
885791343500
885791344929
885791346998
885791347906
885791348074
885791352000
885791353511
885791356256
885791358947
885791360649
885791361704
885791364118
885791366110
885791367356
885791370444
885791373502
885791374667
885791377380
885791377840
885791380559
885791380732
885791384381
885791386259
885791387369
885791388295
885791390479
885791391718
885791392107
885791397646
885791398399
885791399259
885791400532
885791404527
885791404891
885791408636
885791409850
885791411676
885791413267
885791413657
885791416656
885791418681
885791419883
885791422754
885791424069
885791425433
885791427984
885791429884
885791430855
885791432148
885791436305
885791437507
885791439793
885791440812
885791441039
885791444288
885791446660
885791449110
885791449360
885791450490
885791453043
885791456535
885791458663
885791459800
885791460300
885791461052
885791464007
885791464990
885791466400
885791468539
885791471400
885791471660
885791473321
885791477121
885791478518
885791480459
885791483778
885791486023
885791487556
885791488909
885791492691
885791495727
885791497134
885791500237
885791502207
885791505673
885791505879
885791507654
885791508032
885791514196
885791515608
885791517140
885791519680
885791521717
885791523113
885791526627
885791527998
885791530012
885791532780
885791535415
885791536904
885791538517
885791540149
885791542380
885791542759
885791545482
885791547967
885791548481
885791551650
885791552819
885791554318
885791556490
885791556788
885791558519
885791562235
885791563610
885791564889
885791565819
885791569582
885791572442
885791572578
885791573942
885791579035
885791579609
885791581528
885791583807
885791586173
885791588268
885791590544
885791592021
885791594388
885791596910
885791597001
885791600733
885791601486
885791602357
885791606720
885791606801
885791610220
885791611400
885791613490
885791615276
885791617154
885791617599
885791621569
885791622039
885791624248
885791624498
885791628552
885791628997
885791633345
885791634890
885791636918
885791638185
885791639961
885791641630
885791644099
885791645463
885791647890
885791649300
885791650337
885791652259
885791655821
885791656975
885791658820
885791661985
885791663186
885791664881
885791667619
885791670270
885791671140
885791672846
885791675477
885791676223
885791679185
885791680855
885791682711
885791684883
885791686956
885791688812
885791689602
885791691267
885791692860
885791696431
885791698504
885791700298
885791702728
885791704021
885791706366
885791707156
885791709550
885791712063
885791712361
885791714880
885791716768
885791718234
885791721127
885791722866
885791725074
885791726585
885791728599
885791730945
885791732363
885791734377
885791736531
885791741184
885791742982
885791745102
885791749119
885791751152
885791753854
885791756202
885791762241
885791764417
885791765571
885791769419
885791772779
885791776215
885791778023
885791780880
885791782585
885791785220
885791787749
885791790995
885791795195
885791798460
885791799558
885791803212
885791805248
885791808431
885791811450
885791814893
885791817470
885791820535
885791823980
885791825445
885791829061
885791832080
885791834163
885791838375
885791841897
885791844418
885791846281
885791848906
885791851729
885791855070
885791857451
885791860701
885791862704
885791863620
885791868459
885791869021
885791875130
885791875542
885791880655
885791881033
885791885543
885791888998
885791891814
885791895176
885791897308
885791901017
885791902962
885791906659
885791911165
885791913960
885791915285
885791918620
885791922633
885791925816
885791927819
885791931454
885791932211
885791934604
885791938378
885791942418
885791945358
885791947913
885791951905
885791953724
885791957590
885791960027
885791962681
885791966621
885791969414
885791971929
885791975317
885791978280
885791981231
885791984160
885791986689
885791990041
885791993279
885791996543
885791999119
885792001214
885792003765
885792006694
885792010208
885792012932
885792014854
885792018573
885792020849
885792023230
885792026192
885792028861
885792031824
885792034180
885792038358
885792040130
885792043130
885792045831
885792047547
885792048863
885792053690
885792056600
885792058853
885792062710
885792064572
885792068306
885792070144
885792072283
885792076245
885792076900
885792082104
885792083615
885792086717
885792089072
885792092057
885792092723
885792094266
885792099533
885792102338
885792104786
885792108358
885792109939
885792113508
885792116003
885792119068
885792122031
885792124858
885792127916
885792129117
885792131106
885792136873
885792140486
885792141986
885792146830
885792149380
885792152674
885792155170
885792157779
885792158694
885792162230
885792164314
885792168581
885792169588
885792170640
885792177093
885792179486
885792181475
885792184934
885792187326
885792189627
885792193836
885792194100
885792199308
885792201231
885792205330
885792207847
885792210578
885792212673
885792216576
885792217046
885792220888
885792224427
885792226441
885792229679
885792231646
885792234829
885792236751
885792240386
885792242530
885792243249
885792248560
885792251214
885792253982
885792256444
885792257212
885792261925
885792263229
885792264534
885792270334
885792273653
885792275807
885792278931
885792280714
885792284330
885792287811
885792289630
885792292832
885792295213
885792297124
885792299930
885792301510
885792305413
885792309051
885792311636
885792313363
885792317428
885792319442
885792322839
885792325816
885792328150
885792330366
885792333376
885792336537
885792338920
885792341937
885792344502
885792348427
885792350622
885792353529
885792356995
885792359159
885792362578
885792365110
885792367488
885792370738
885792371447
885792375810
885792378327
885792379070
885792381687
885792384826
885792387652
885792391232
885792394312
885792396234
885792399255
885792402200
885792404501
885792407588
885792408974
885792411076
885792414866
885792418092
885792419938
885792422658
885792425290
885792426653
885792430976
885792432383
885792436930
885792438874
885792441355
885792443370
885792443509
885792450062
885792453359
885792456921
885792459655
885792463235
885792466900
885792469358
885792472240
885792474703
885792477470
885792479999
885792483064
885792486177
885792489728
885792490776
885792494793
885792497200
885792499383
885792500299
885792503736
885792506724
885792508153
885792511469
885792514527
885792517548
885792519573
885792522180
885792524171
885792528317
885792530604
885792531872
885792535157
885792537881
885792540395
885792542788
885792543523
885792545700
885792547713
885792552506
885792554726
885792557210
885792559577
885792561794
885792562816
885792564120
885792568560
885792572162
885792574990
885792576683
885792579796
885792582862
885792584707
885792587485
885792589400
885792591488
885792594800
885792597063
885792600361
885792603967
885792606326
885792608980
885792611038
885792612744
885792614390
885792619315
885792621749
885792624601
885792627004
885792628261
885792630283
885792635127
885792637509
885792638858
885792642530
885792643880
885792646672
885792648080
885792652586
885792654019
885792657636
885792659250
885792659926
885792664763
885792666917
885792668839
885792671353
885792674250
885792676447
885792677903
885792681549
885792682497
885792685967
885792688360
885792691506
885792693277
885792695729
885792695843
885792697813
885792703569
885792706785
885792709041
885792709865
885792712298
885792717451
885792718322
885792719340
885792723891
885792727338
885792727474
885792731374
885792734899
885792736104
885792740265
885792741868
885792745142
885792747557
885792748130
885792752464
885792755257
885792756941
885792758999
885792762189
885792763770
885792766508
885792769996
885792770728
885792774230
885792776601
885792779541
885792782490
885792784920
885792787403
885792790844
885792792262
885792795879
885792797356
885792800323
885792801477
885792805082
885792806023
885792808633
885792812555
885792813507
885792815110
888871128412
888871131511
888871148859
888871149590
